v0 <- 0.7398775                       # indiv kgC-1 y-1
vF <- v0                              # indiv kgC-1 y-1

EF <- 5/3*.1                          # kgN2O-N kgN-1 y-1

Fmax <- 0.00286465                    # kgN kgC-1 y-1
Fmin <- 0.0006651198                  # kgN kgC-1 y-1
z <-  0.04347765                      # unitless                  

mF <- 0.01548133                      # y-1
m0 <- 0.011                           # y-1

k   <- 4.833333                       # y-1
phi <- 0.0005                   			# y-1

beta0 <- 1.201754                         # y-1
betaF <- 1.208782                         # y-1
u0<-0.05                              # y-1
uF<-0.05                              # y-1
gamma0 <- 0.1472735                   # indiv kgC-1
gammaF <- 0.1481721                   # indiv kgC-1

wF<-88.99647                           # kgC/kgN
w0<-104.1527                           # kgC/kgN

